t1 <-
structure(1618815401.1975269, class = c("POSIXct", "POSIXt"))
